1 10000000 5.50064 0.049 1 0.024 10 0.025 5.50064e+07 0.046 2.99992e+07 0.324 
2 10000000 5.50076 0.024 1 0.024 10 0.016 5.50076e+07 0.024 3.00053e+07 0.178 
3 10000000 5.50076 0.016 1 0.008 10 0.016 5.50076e+07 0.018 3.00053e+07 0.12 
4 10000000 5.50076 0.008 1 0.008 10 0.017 5.50076e+07 0.016 3.00053e+07 0.088 
5 10000000 5.50076 0.008 1 0.008 10 0.008 5.50076e+07 0.016 3.00053e+07 0.073 
6 10000000 5.50076 0.008 1 0.016 10 0.008 5.50076e+07 0.008 3.00053e+07 0.064 
7 10000000 5.50076 0.016 1 0.008 10 0.008 5.50076e+07 0.014 3.00053e+07 0.1 
8 10000000 5.50076 0.024 1 0.008 10 0.02 5.50076e+07 0.016 3.00053e+07 0.105 
9 10000000 5.50076 0.008 1 0.008 10 0.008 5.50076e+07 0.016 3.00053e+07 0.072 
10 10000000 5.50076 0.008 1 0.008 10 0.009 5.50076e+07 0.016 3.00053e+07 0.07 
11 10000000 5.50076 0.008 1 0.008 10 0.018 5.50076e+07 0.016 3.00053e+07 0.064 
12 10000000 5.50076 0.008 1 0.01 10 0.008 5.50076e+07 0.008 3.00053e+07 0.067 
13 10000000 5.50076 0.016 1 0.008 10 0.008 5.50076e+07 0.009 3.00053e+07 0.085 
14 10000000 5.50076 0.008 1 0.008 10 0.009 5.50076e+07 0.016 3.00053e+07 0.08 
15 10000000 5.50076 0.008 1 0.009 10 0.008 5.50076e+07 0.017 3.00053e+07 0.072 
16 10000000 5.50076 0.008 1 0.009 10 0.008 5.50076e+07 0.016 3.00053e+07 0.071 
17 10000000 5.50076 0.016 1 0.008 10 0.008 5.50076e+07 0.008 3.00053e+07 0.057 
18 10000000 5.50076 0.008 1 0.009 10 0.016 5.50076e+07 0.008 3.00053e+07 0.064 
